intrinsic: [1354.1547104534986, 0.0, 657.2645662903697, 0.0, 1353.484144126519, 499.19095319974883,
  0.0, 0.0, 1.0]
distortion: [0.2196001673178517, -0.5240570447181572, 0.007688549907143063, -0.0060609554344108725,
  -1.2861823005229058]
