intrinsic: [812.0376492991484, 0.0, 350.1682804738062, 0.0, 813.1310393414499, 246.51806983416137,
  0.0, 0.0, 1.0]
distortion: [0.2944191649526447, -2.0423079887578575, 0.002807181798093327, -0.001544739829792844,
  4.683713836216948]
