intrinsic: [808.3413847369783, 0.0, 347.82153242538317, 0.0, 808.29668932789, 244.11940457844378, 0.0, 0.0, 1.0]
distortion: [0.27911683571814455, -1.5138519246933126, 0.0029679441651423136, -0.0004007598535186503, 1.6775179248189864]
